38571
38434
37962
37918
38504
38535
38714
38663
38599
37951
38559
38624
38235
38581
38420
38364
38327
38262
38540
38656
38639
38673
38547
38405
38472
38594
38604
38684
38240
38479
38795
38413
38653
38743
38427
38626
38491
38643
38313
38606
38557
38362
38473
38550
37939
38283
38635
38754
38679
38648
38579
38236
38617
38708
38255
38510
38277
38719
38536
38501
38392
38233
38522
38685
38216
38493
38468
38513
38452
38222
38665
38307
38484
38281
38260
38646
37947
38265
38729
38370
38393
38465
37957
38239
38264
38223
38358
38383
38226
38549
38270
38745
38300
38317
38514
38700
38487
38314
38343
37922
38525
38229
37959
38432
38636
37261
38244
38446
38360
38445
38564
38366
37942
38275
38683
38326
38386
38337
38354
38698
38499
38280
38654
38716
38534
38750
38756
38483
37926
38619
38744
38261
38640
38741
38269
38220
38390
38218
38290
38355
37960
38752
38424
38252
38586
38316
38288
37952
37963
38521
38408
38471
38697
38647
38467
38287
38221
38593
37928
38598
37955
37937
38553
38558
38225
38459
38508
38748
38441
38691
38371
37936
38699
38596
38482
38706
38740
38329
38575
38489
38396
38505
38379
38627
38436
38519
38367
38578
38538
38333
38672
38692
37938
38694
38458
38237
38292
37917
38295
38350
38674
38304
38687
38539
37961
38442
38492
38301
38568
38228
38332
38755
38299
38338
37958
38336
38224
38490
38462
38331
38414
38609
38257
38380
38704
38375
38387
38310
38388
38368
38711
38554
38454
38272
38658
38376
38346
38709
38630
38251
38622
38273
37950
38507
38680
38476
37916
38701
38311
38297
38276
38645
38361
38324
37923
38430
38530
38608
38629
38374
38749
38634
38533
37927
38670
38256
38363
38503
38278
38638
38423
38649
38395
38671
38359
38732
38816
38805
38470
38587
38655
38526
38523
38428
38710
38668
38328
38556
38259
38494
38399
38486
38607
37956
38447
38690
38318
38439
38279
38448
38552
38246
38348
38474
38249
38602
37946
38357
38583
38461
38397
38214
38248
38230
38320
38286
38431
38247
38500
38661
38450
37953
38344
38417
37929
38315
38542
38384
38449
38628
37940
38285
38382
38497
38537
38411
38334
38410
38637
38565
38404
38323
38616
38667
38723
38215
38760
38693
38660
38742
38266
38289
38720
38735
38330
38600
38274
38352
38518
38722
37934
38681
38347
38527
38512
38291
38294
38391
38321
38481
38566
38738
38601
38676
38351
38664
38517
38511
38652
38495
38385
38325
38669
38437
38644
38529
38412
38282
38659
38541
37915
38751
38560
38365
38620
38614
38308
38271
38584
38570
38613
38409
38339
38401
38757
38605
37949
38250
38623
38746
38621
38736
38498
38727
38453
38227
38591
38573
38263
37954
38642
37913
37931
38217
38378
38389
38662
38443
38713
38597
38585
38717
38725
38302
38615
38520
38730
38561
38502
38298
38675
38312
38438
38548
38734
38418
38296
38381
38574
38705
37948
38569
38516
37914
38677
38703
38306
38242
38625
38440
38551
38407
38696
38545
38611
38342
37935
38678
38267
38688
38532
38406
38546
38293
38466
38241
38759
38319
38402
38463
38733
37921
38477
38377
38595
38588
38400
38632
38712
38433
38650
38515
38464
38099
38398
38702
37944
38245
38309
38567
38425
37945
37941
38641
38695
38305
38739
38243
38618
38686
38612
38303
38422
38231
38475
37932
38590
38592
38284
38682
38456
38480
38496
38478
38603
38731
38234
38421
38353
38531
38577
38426
38724
38563
38435
38394
38403
38485
38238
38651
38747
38631
38415
38258
38457
38469
37943
38509
38268
37930
38753
38633
38721
38572
38582
38718
38460
38555
38726
38373
38657
38356
38488
38369
38455
38429
38562
38689
38528
38610
38219
37925
38715
38444
38580
37924
38524
38232
38372
38707
38576
38737
37933
38666
9657
9148
9985
9761
9912
9790
9548
9717
9805
9871
9905
9974
9552
9784
9785
9750
9760
9158
9578
9809
9755
9780
9572
9814
9799
9701
9933
9719
9823
9961
9566
9488
9631
9741
9995
9732
9876
9635
9773
9951
9929
9563
9769
9897
9157
9965
9712
9159
9467
9509
9986
9678
9838
9734
9146
9770
9628
9976
9538
9904
9526
9829
9968
9709
9533
9619
9862
9500
9999
9672
9607
9145
9504
9142
9520
9670
9501
9536
9982
9137
9996
9510
9468
9532
9847
9853
9636
9923
9767
9716
9597
9482
10000
9450
9652
9570
9139
9934
9762
9768
9582
9811
9519
9138
9883
9731
10017
9594
9786
9801
9938
9492
9596
9604
9706
9777
9527
9695
9917
9581
9556
9869
10002
9703
9888
9745
9707
9978
9451
9843
9658
9608
9466
9998
9841
9992
9165
10007
9907
9906
9972
9156
9686
9674
9916
9524
9666
9513
9827
9564
9648
9649
9945
9540
9163
9579
9587
9830
9743
9935
9975
9962
9926
9567
9479
9832
9454
9675
9913
9689
9806
9484
9810
9812
9601
9844
9528
9136
9872
9573
9480
9921
9854
9506
9496
9593
9558
9955
9644
9486
9896
9656
9688
9861
9525
9868
9576
9493
9794
9460
9730
9478
9168
9942
9543
9914
9937
9625
9691
9763
9586
9681
9748
9585
9471
9963
9898
9915
9969
9485
9639
9620
9461
9994
9452
9611
9855
9851
9588
9771
9922
9651
9899
9615
9702
9800
9818
9882
9754
9518
9143
9911
9609
9680
9808
9571
9679
9828
9990
9541
9714
9462
9170
9537
9663
9932
9697
9473
9662
9708
9936
9795
9753
9756
9793
9874
9967
10016
9696
9647
9815
9622
9669
9626
9764
9848
9852
9977
9529
9726
9895
9459
9859
9840
9469
9542
9928
9737
9511
9873
9539
10042
9997
9738
9863
9948
9797
9661
9613
9531
9850
9836
9787
9624
9821
9547
9879
9600
9577
9957
9487
9150
9725
9610
9766
9640
9612
9164
9632
9757
9643
10008
9166
9791
9909
9927
9598
9885
9798
9523
9153
9155
9746
9901
9973
9803
9530
9839
9900
9483
9551
9574
9870
9683
9776
9749
9554
9954
9816
9956
9781
9590
9605
9751
9950
9575
9817
9169
9804
9621
9980
9665
9860
9721
9943
9151
9603
9687
9993
9655
9792
9819
9583
9481
9550
9671
9984
9894
9788
9711
9476
9562
9796
9837
9549
9507
9826
9742
9765
10025
9752
10023
9824
9833
9650
9464
9561
9602
9638
9722
9910
9713
9152
9505
9903
10082
9924
9167
9470
9959
9983
9886
9908
9987
9744
9991
9497
9560
9946
9867
9149
9172
9758
9944
9958
9653
9455
9627
9580
9775
9772
9534
9457
9941
9162
9966
9490
9617
9645
9474
9740
9616
9173
9893
9822
9845
9782
9925
9544
9630
9654
10001
9589
9807
9592
9759
9491
9778
9727
9813
9553
9884
9875
9516
9919
9176
9591
9939
9890
9629
9641
9736
9825
9684
9690
9940
9174
9981
9866
9988
9498
9140
9595
9889
9477
9720
9171
9724
9557
9642
9475
9161
9141
9453
9685
9735
9512
9465
9849
9964
10031
9659
9834
9779
9676
9880
9846
9546
9881
9667
9472
9877
9729
9878
9623
9144
9568
9774
9789
9739
9952
9989
9154
9718
9517
9820
9949
9960
9930
9521
9618
9971
9891
9646
9545
9147
9970
9682
9175
9503
9502
9458
9865
9802
9584
9569
9783
9858
9456
9633
9489
9920
9599
9864
9979
8514
9668
9565
9559
9606
9947
9160
9494
9728
9614
9522
9634
9535
9887
9694
9733
9660
9698
9835
9892
9857
9902
9842
9918
9692
9693
9637
9463
9931
9704
9831
9715
9555
9856
9705
9953
60545
60284
58978
61011
60404
60263
60166
60487
60203
60156
60142
60262
60150
60712
58966
60654
60485
58924
60364
60731
60551
60419
58904
60440
60540
60482
58998
60693
60145
60397
60285
58829
58838
60365
60750
60400
60236
60720
58862
60136
60353
60530
60713
60760
60137
60435
60155
60756
60309
60399
60201
60287
60528
58912
60460
60425
60735
60362
58996
60139
60235
60582
60747
60167
60358
60496
60527
60470
60532
60447
60442
60204
60737
60491
60462
60268
61001
60405
60391
60379
60394
60384
60467
60687
60182
58916
60536
60176
60232
58990
60472
60170
60307
60423
60449
60512
60736
60386
60701
60563
60459
58906
60282
60281
60506
60698
58995
60242
60745
58992
60388
60521
60573
60483
60406
60213
60502
58918
58860
60311
60662
60547
60276
60569
60180
60219
60355
60697
60556
58343
60429
60248
60574
60259
60711
60212
60186
60437
60685
60395
58837
60744
60576
60368
60764
60225
60448
60407
60779
60306
60652
60514
60798
60243
58991
58980
60293
60234
60558
60660
60571
60220
60479
60369
60513
60269
60890
60484
60510
60522
60295
60740
60253
60372
59004
60280
60215
60408
60450
60726
60541
58828
60169
60570
60758
60730
60443
60226
58830
60463
60300
60360
60715
60197
58997
60151
60889
60252
58975
61103
60539
58915
60376
60739
60279
60888
59000
60188
60271
60414
60468
60653
60185
60277
60719
58986
60695
60267
60766
60690
60550
60782
60461
59002
60224
58976
60230
60562
60474
60299
60356
60464
60655
60489
58971
60584
60925
60525
60172
60688
60421
60523
60288
60393
60524
61009
60374
60304
60526
60743
60733
60161
60183
60273
60411
58989
60565
60717
60377
60305
60511
60187
58988
60871
60191
60422
60581
58826
60477
60359
60661
60417
60373
60396
60465
58909
60239
60310
60177
60580
60192
58984
60748
60498
60515
60251
60533
60578
60380
60195
60246
60507
60457
60725
60370
58926
60560
58841
60476
60147
58999
60615
60497
60357
60409
60171
60174
60227
58972
60699
60240
60297
58923
60820
58974
60455
60729
60134
60453
58968
60205
60157
60382
60245
60389
60175
60363
58994
60152
58921
60173
60217
60439
60553
60165
60433
60516
60480
60579
60538
60431
58910
60446
60270
60296
60415
60286
60568
60454
58919
60689
58832
58925
60392
60383
60403
60241
60256
60206
60290
60258
58983
60238
60390
60466
60734
60298
60921
60247
60420
60475
60746
58902
60656
60158
60564
60194
58914
60366
60575
60555
60456
60146
60218
60413
60974
60387
58985
60458
60657
60548
60535
60728
60692
60385
60378
60231
58969
60554
60583
58977
60670
60398
58903
60144
58982
60490
60494
60732
60255
58973
60869
60229
60668
60724
60184
60198
60228
60684
58836
59001
60549
60424
60278
60669
60438
60495
60503
60207
60202
60586
60537
60471
60244
60214
60160
60561
60749
60308
60552
58927
58993
58911
60753
60451
58827
60200
60887
60261
60141
60585
60509
60658
60148
60168
60265
60222
60135
60544
60667
60289
60452
60143
60543
60867
60478
60401
58843
60752
60223
58831
60354
60303
60196
60159
60694
60915
60723
60208
58835
60432
60426
60664
60274
58905
60294
60486
58917
60266
58833
60493
60291
60249
60714
60375
60488
60164
60518
60140
60237
60361
60441
60216
60499
60500
60193
60272
60434
60153
60686
58840
60508
60371
60445
58913
60481
60190
60233
60759
60430
60210
58967
60722
61097
60211
60751
60444
60559
60691
60418
60181
60696
58987
60402
60542
58970
60534
60275
60469
60520
60546
60754
60505
60162
60416
60671
60427
60572
60149
60154
60529
60264
58979
59003
60138
60531
58922
58981
60567
60557
60178
60163
60302
60718
60199
60221
60381
60133
60577
58920
60254
60517
60209
60566
60428
60659
60492
60716
60283
60367
60663
60757
60767
60473
60501
60179
60700
60292
60436
50420
50472
51701
51628
51506
50551
51796
51620
52131
51870
51513
50480
51721
51703
51647
51617
51891
51706
51690
51653
51517
51841
51658
51714
51848
51866
51591
51748
51805
51911
51667
51597
50492
51790
51744
50489
51542
51784
51588
51789
51654
51677
51559
51747
51561
51500
51704
51783
50532
51642
51533
51746
51817
51538
51584
50418
51672
51635
51493
51939
51603
50479
51901
51548
51894
51634
51823
50469
51699
51623
51840
51893
51905
51739
51828
50491
51912
51762
51794
50545
51908
51845
51854
50493
51826
51676
51554
51869
51680
51759
51873
51903
51514
50510
50543
51749
50466
50518
51515
51573
51814
51636
51863
51824
51711
50433
51926
51618
51683
51850
51539
50495
51505
50519
51582
50486
51797
51722
51598
51556
50520
51691
51897
51602
51502
51754
50509
51773
51868
50467
50485
50517
51557
50488
51494
51578
50525
51731
51727
51574
50503
51564
51563
51941
51844
51614
50548
51861
51778
51499
51803
51852
50541
51605
50542
50511
51943
51640
51830
51742
51929
51882
51685
50448
51663
51509
51925
51771
51970
51596
50490
51719
51880
51528
51745
50524
51924
51581
51504
51933
51702
51918
51536
51865
51529
50464
51730
50434
51820
50461
52223
51815
51832
51622
51774
50439
50427
51921
50522
51523
51516
51510
51821
51606
51708
51932
50426
51632
51935
50463
51871
51524
50450
51917
51668
50475
51625
51737
51822
51800
51963
51716
50456
51544
51810
51776
51853
51738
51518
51843
51906
51694
50498
51627
51898
51577
51825
51540
50460
51799
51641
51857
50544
51552
51872
51657
51812
50540
51766
51920
51758
51732
51913
51665
51601
51568
51535
51630
51084
51728
51763
51786
51755
50531
51720
51775
51928
52006
51884
51585
50477
50526
51673
50465
51879
51611
51616
50494
51927
50445
51772
51551
51996
51560
51750
51846
51907
51860
51855
51779
51503
51835
51508
51726
50482
51530
50441
51900
51801
51734
51904
51729
50455
51678
51715
51600
51827
51833
51785
51545
51626
51792
51782
50451
50483
51889
50500
51768
51724
51604
51705
51765
51498
51892
50440
51756
51682
51788
51599
50476
51839
50421
51589
51583
51867
51946
51781
50552
51580
51856
51712
51520
51549
51757
51881
50550
51874
51527
51555
51648
51725
51838
50536
51829
51953
51607
51675
50521
51862
51651
51878
50502
51951
50449
51546
51645
50435
50437
51816
50462
51931
50530
51688
51736
51655
51565
51624
51895
51764
51910
50428
51519
50539
50431
51621
50453
51579
50507
51769
51558
51717
51525
51787
52142
51923
51934
51693
51531
50549
51760
50534
51664
51660
50423
50546
51511
51594
51590
51619
51650
51802
51723
51837
51885
51697
51526
50501
51698
51915
50458
51899
51809
50528
51497
51576
51592
51692
50422
51550
51507
50496
51522
51859
51957
50474
51610
51707
51811
50514
51710
51543
50497
51767
51656
51819
51834
51798
51613
50508
50535
51638
51562
51646
50452
51896
51937
51909
50527
51780
51593
51914
51836
51743
51547
51521
51795
51740
51501
51686
51751
51922
51687
51718
51733
51818
51512
51609
51709
50505
51553
51595
51936
51689
51791
50425
51639
51541
51652
51662
50478
50523
51679
51615
50443
51495
51669
51534
51695
50444
51608
51877
50446
51666
50447
51681
50454
51575
51612
51566
50487
51831
50504
51849
51649
51492
51659
51631
50471
51496
51571
50538
51793
50436
50473
51572
51741
51537
50499
51842
50457
51761
51916
50537
50419
51674
51858
50506
50432
51700
51930
51777
51670
51629
51671
51902
51919
51633
51813
50459
51532
51847
51735
51569
51770
51570
51851
51804
51883
50484
50547
51661
50513
52086
51713
51567
51637
51586
51587
51864
50529
51875
51684
51752
51876
50468
51644
50533
50512
67299
67364
67181
67018
67378
67073
67320
66447
67011
67035
66425
67067
67381
66871
66880
67019
66431
67363
67097
66893
67202
67252
67179
67250
67041
66418
66922
66876
66975
67155
66414
67174
67109
67254
67258
66409
67246
67136
67259
67356
66398
67173
67349
67039
64830
67314
66994
66987
67116
67066
66878
66466
67185
67156
67133
67096
67010
67059
66910
67199
66445
66954
67339
67279
67079
66402
67261
67021
67104
67239
67260
67384
67052
67262
67009
67003
67180
66433
67068
67150
67375
67194
67350
66909
67141
67335
67186
67331
67062
67376
66979
67122
66988
67388
67053
67329
67081
67277
67047
66404
67255
66963
66999
67147
66996
67088
67282
67332
67389
67095
66428
66421
67271
67025
67037
66923
67216
67016
67354
67201
67050
66937
67494
66411
66959
66925
67235
66438
67311
66869
67083
67351
67325
66872
67226
67298
67082
67347
67348
66935
67243
66451
67369
66416
66468
66977
67383
67195
67090
67193
66429
66867
67300
66952
66877
66420
66450
67234
67229
67123
66995
67346
67245
67278
67377
67020
67227
67063
67075
66457
67165
67192
66417
67293
66427
66936
67222
66939
67223
66891
67275
66951
67269
67206
67302
67213
67091
67040
67128
67344
66407
67164
67105
67160
67307
67276
67196
67380
67290
66322
66931
67379
66885
67205
67055
67212
67270
66464
67386
67087
67172
66927
67312
67249
67242
66459
67203
66955
67373
67392
67273
67162
67296
67070
66991
67265
67231
67184
66961
67343
67207
67178
67470
66436
66443
67315
67352
67030
66413
67084
67008
66424
67139
66437
67274
67159
66400
67219
66406
67046
67119
66879
67086
66989
67065
67006
66940
67057
67236
67368
67029
66446
67170
67340
66907
67042
66403
66432
67191
66897
67101
67225
66399
66919
67134
67154
67127
67323
67138
67237
67161
67353
67224
67187
66946
66441
66874
67200
67218
66905
66460
67045
66873
67319
67301
66924
67100
67061
67117
66442
66439
67336
66929
66971
67215
67286
67244
66947
67287
67283
66998
67324
67023
67049
67108
67131
66189
66444
67056
67372
67007
67233
67361
66997
66892
67358
66410
66882
67310
66941
66423
66964
66957
67002
67071
66434
67410
66974
67157
67365
66401
66875
66913
67204
67152
67048
66962
66984
66868
66993
66899
67142
67166
67168
67114
66916
67102
67078
67305
67085
67146
66956
67285
66465
67284
67111
66982
67322
67318
66967
66886
67341
66883
66453
67342
66968
66906
67169
66890
67393
67044
66920
67366
67367
67074
67032
66884
67125
67228
67264
67043
67149
66456
66452
66985
67069
67221
66960
67121
67295
67126
67182
67130
67099
66973
66408
67209
67288
67137
66430
67000
67112
67289
67428
67076
66942
67338
67248
66981
66440
67107
66412
67391
66969
67294
66900
67211
67355
67015
66990
66895
66911
67251
67272
67359
66870
66976
66881
67072
67151
66938
67167
67028
67266
67120
66944
67188
66945
67306
67027
67012
67263
67197
67382
67189
67080
67113
67135
67110
67144
67024
67054
67148
67345
67303
67328
67220
67267
67014
66419
66896
67214
67177
67183
66467
67362
66426
66934
67357
67118
66958
67132
67145
67092
67256
67321
67374
66980
67210
67313
66902
66463
67240
66930
67140
67257
67309
67038
66978
66986
67124
67175
66972
67013
66950
66914
67190
66448
67103
67176
66918
67317
66435
67247
66943
66928
67064
66461
67163
67281
67077
66454
67253
66894
67330
67291
67153
66932
66458
67232
67337
66904
67094
67034
67238
67031
67036
66965
66901
66415
67026
67022
67033
67217
66926
66953
67360
67334
66933
67115
67370
67208
66966
66908
67304
66462
66921
66970
67098
67316
67292
67333
67241
67058
67308
67280
66887
66949
67158
66903
66422
66449
67268
66948
67005
67198
66455
67230
66917
67051
67143
67297
67326
67001
67093
67171
67327
66915
64831
67089
66992
66912
66898
